0.000000 1543.000000
2.060000 1543.000000
2.120000 1543.200073
2.330000 1543.599976
6.730000 1543.599976
14.719999 1543.900024
17.740000 1543.800049
20.619999 1543.700073
21.740000 1543.599976
23.389999 1543.500000
24.189999 1543.500000
35.770000 1543.599976
48.559998 1544.000000
60.959999 1544.099976
66.589996 1544.200073
75.099998 1544.300049
84.009995 1544.200073
86.489998 1544.099976
91.820000 1543.900024
93.759995 1543.599976
93.809998 1543.800049
93.930000 1543.400024
94.180000 1543.200073
94.430000 1543.200073
100.019997 1542.599976
100.439995 1542.599976
100.669998 1542.300049
100.909996 1542.099976
101.199997 1542.000000
102.199997 1541.599976
103.119995 1541.500000
103.199997 1541.500000
103.500000 1541.599976
103.689995 1541.500000
103.869995 1541.400024
104.189995 1541.400024
107.529999 1541.000000
108.169998 1541.000000
108.570000 1540.700073
109.610001 1539.900024
110.220001 1539.599976
110.799995 1539.400024
111.739998 1539.300049
111.769997 1539.599976
111.809998 1539.300049
111.979996 1538.800049
112.049995 1538.800049
112.139999 1538.500000
112.290001 1538.000000
112.479996 1537.800049
112.709999 1537.700073
113.009995 1537.300049
113.349998 1536.599976
113.729996 1536.400024
114.129997 1536.200073
114.529999 1535.800049
114.899994 1535.300049
115.220001 1534.900024
115.680000 1534.500000
115.849998 1534.599976
115.989998 1535.000000
116.169998 1535.400024
116.209999 1535.000000
116.379997 1534.200073
116.529999 1534.099976
116.719994 1533.900024
116.919998 1533.900024
118.149994 1533.700073
118.449997 1533.500000
118.790001 1533.400024
119.469994 1533.200073
119.820000 1533.099976
120.159996 1532.599976
120.489998 1532.099976
120.790001 1532.000000
121.009995 1531.900024
121.129997 1531.800049
121.139999 1532.099976
121.209999 1532.099976
121.599998 1531.700073
122.059998 1531.599976
123.829994 1531.200073
124.079994 1531.200073
124.449997 1531.400024
124.689995 1531.200073
124.979996 1530.800049
125.299995 1530.500000
125.729996 1530.300049
125.829994 1530.300049
125.860001 1530.400024
125.949997 1530.300049
126.139999 1530.200073
126.399994 1530.099976
128.239990 1529.599976
128.479996 1529.400024
128.979996 1529.000000
129.479996 1528.800049
130.319992 1528.500000
130.849991 1528.099976
131.330002 1528.000000
131.899994 1527.500000
132.470001 1527.200073
133.389999 1526.800049
133.669998 1526.599976
133.869995 1526.400024
134.039993 1526.300049
134.179993 1526.700073
134.349991 1526.800049
134.529999 1527.000000
134.699997 1526.599976
134.830002 1526.500000
134.919998 1525.400024
134.929993 1525.099976
135.199997 1524.800049
135.580002 1524.700073
136.599991 1524.400024
138.379990 1524.200073
138.500000 1524.300049
138.699997 1524.300049
138.979996 1524.000000
139.270004 1523.300049
139.580002 1522.800049
139.800003 1522.500000
139.899994 1522.599976
139.979996 1522.599976
140.349991 1522.500000
140.789993 1522.400024
141.800003 1522.200073
142.770004 1522.000000
143.129990 1521.700073
143.399994 1521.599976
143.669998 1521.500000
144.020004 1521.000000
144.410004 1520.900024
145.039993 1520.800049
145.449997 1520.800049
145.580002 1520.900024
145.720001 1520.800049
146.419998 1520.500000
147.589996 1520.200073
147.770004 1520.200073
147.910004 1520.099976
148.089996 1519.599976
148.319992 1519.400024
148.599991 1519.099976
148.949997 1518.900024
150.239990 1518.099976
150.569992 1518.000000
150.660004 1518.099976
150.800003 1518.200073
151.039993 1517.900024
151.470001 1517.599976
151.839996 1517.200073
152.869995 1516.300049
152.989990 1516.300049
153.009995 1516.400024
153.089996 1516.200073
153.129990 1516.400024
153.309998 1516.200073
153.440002 1516.200073
153.679993 1516.200073
153.869995 1516.200073
153.889999 1516.400024
154.309998 1515.900024
154.789993 1515.400024
155.250000 1515.000000
155.639999 1514.700073
156.119995 1514.400024
156.289993 1514.599976
156.440002 1514.900024
156.580002 1515.000000
156.720001 1514.900024
156.839996 1514.800049
156.919998 1514.599976
157.199997 1514.099976
157.589996 1513.900024
158.080002 1513.800049
162.059998 1512.900024
162.759995 1512.800049
163.539993 1512.400024
164.330002 1511.500000
164.839996 1511.200073
164.959991 1511.400024
165.500000 1511.099976
166.239990 1511.099976
166.849991 1510.900024
167.209991 1510.700073
167.559998 1510.300049
168.039993 1510.200073
168.539993 1509.900024
170.069992 1509.099976
170.289993 1509.300049
170.550003 1509.500000
170.589996 1509.400024
170.660004 1508.800049
170.800003 1508.599976
171.009995 1508.400024
171.279999 1508.300049
171.580002 1508.200073
172.539993 1508.000000
173.779999 1507.900024
174.309998 1507.800049
174.519989 1507.900024
174.720001 1507.700073
174.949997 1507.400024
175.179993 1507.000000
175.369995 1506.599976
175.509995 1506.700073
175.580002 1506.900024
175.660004 1506.599976
175.899994 1506.300049
176.279999 1506.200073
176.739990 1506.000000
177.269989 1505.800049
179.059998 1505.300049
179.289993 1505.300049
179.759995 1505.200073
180.809998 1505.000000
182.589996 1504.599976
183.039993 1504.200073
183.529999 1503.800049
183.959991 1503.700073
184.569992 1503.599976
184.720001 1503.599976
184.830002 1503.800049
184.899994 1503.800049
184.979996 1503.700073
186.129990 1502.400024
186.300003 1502.400024
186.470001 1502.500000
186.639999 1502.200073
186.809998 1502.099976
186.949997 1502.000000
187.099991 1502.000000
187.239990 1502.099976
187.389999 1502.000000
187.860001 1501.800049
188.239990 1501.700073
188.709991 1501.300049
189.259995 1500.700073
189.809998 1500.400024
190.330002 1500.400024
191.750000 1500.099976
192.489990 1499.800049
193.940002 1499.200073
194.360001 1499.099976
194.500000 1499.300049
194.599991 1499.300049
194.729996 1498.700073
195.029999 1498.599976
195.429993 1498.500000
195.929993 1498.500000
196.979996 1498.300049
197.339996 1498.200073
197.550003 1498.200073
197.830002 1498.099976
199.149994 1497.700073
203.019989 1497.400024
203.269989 1496.900024
203.619995 1496.700073
204.069992 1496.599976
205.739990 1496.300049
206.899994 1496.200073
207.729996 1495.900024
208.209991 1495.800049
210.599991 1495.599976
210.879990 1495.599976
211.259995 1495.599976
211.649994 1495.599976
212.039993 1495.900024
212.509995 1496.300049
213.099991 1496.400024
213.519989 1496.300049
213.629990 1496.200073
213.739990 1495.900024
214.220001 1495.599976
214.709991 1495.400024
217.750000 1494.300049
219.169998 1494.200073
222.779999 1494.000000
224.589996 1494.099976
226.179993 1494.400024
226.809998 1494.500000
227.449997 1494.599976
228.619995 1494.599976
229.049988 1494.900024
229.330002 1494.900024
229.479996 1494.800049
229.509995 1494.800049
229.619995 1495.000000
229.899994 1495.200073
230.339996 1495.300049
230.919998 1495.300049
234.399994 1495.300049
235.169998 1495.300049
235.299988 1495.300049
235.449997 1495.200073
235.709991 1495.200073
236.059998 1495.200073
237.789993 1495.200073
240.889999 1495.300049
243.389999 1495.200073
245.949997 1495.000000
247.419998 1494.900024
251.259995 1494.900024
251.769989 1494.900024
258.540009 1494.700073
263.079987 1494.800049
265.169983 1494.900024
267.339996 1494.800049
270.049988 1494.599976
270.279999 1494.700073
270.449982 1494.599976
271.339996 1494.400024
272.029999 1494.300049
272.940002 1494.300049
276.619995 1494.300049
278.440002 1494.200073
281.549988 1494.200073
284.489990 1494.000000
287.989990 1494.000000
289.690002 1493.900024
295.839996 1493.800049
296.880005 1493.800049
299.130005 1493.700073
310.130005 1493.400024
314.739990 1493.400024
316.919983 1493.400024
318.059998 1493.300049
321.579987 1493.400024
333.699982 1493.200073
338.419983 1493.300049
341.269989 1493.200073
357.160004 1493.099976
360.250000 1493.000000
363.739990 1492.900024
365.949982 1492.800049
367.239990 1492.800049
369.389984 1492.800049
379.600006 1492.599976
381.690002 1492.500000
392.910004 1492.300049
395.709991 1492.200073
396.269989 1492.200073
402.069977 1492.099976
402.419983 1492.099976
403.500000 1492.000000
407.440002 1491.900024
409.759979 1491.700073
410.259979 1491.800049
410.699982 1491.800049
411.359985 1491.700073
420.209991 1491.599976
433.019989 1491.500000
442.539978 1491.400024
445.239990 1491.300049
446.250000 1491.200073
449.079987 1491.000000
459.179993 1490.800049
460.109985 1490.700073
462.160004 1490.500000
465.149994 1490.500000
473.619995 1490.400024
474.109985 1490.400024
474.729980 1490.400024
475.339996 1490.400024
476.979980 1490.500000
477.779999 1490.400024
481.799988 1490.200073
483.049988 1490.200073
490.729980 1489.900024
497.449982 1489.599976
499.269989 1489.500000
502.199982 1489.500000
502.470001 1489.500000
505.369995 1489.400024
513.919983 1489.200073
514.609985 1489.200073
516.760010 1489.000000
533.339966 1488.700073
535.599976 1488.500000
537.299988 1488.400024
551.080017 1488.000000
551.890015 1488.000000
553.549988 1488.000000
560.089966 1487.900024
560.820007 1487.900024
561.719971 1487.900024
579.080017 1487.800049
585.149963 1487.599976
588.549988 1487.599976
589.589966 1487.599976
590.200012 1487.599976
594.299988 1487.500000
603.239990 1487.599976
607.169983 1487.599976
613.919983 1487.500000
616.219971 1487.500000
620.289978 1487.400024
622.799988 1487.300049
625.099976 1487.200073
627.299988 1487.200073
634.950012 1487.099976
652.890015 1487.000000
655.260010 1486.900024
662.409973 1486.900024
668.570007 1486.800049
670.329956 1486.800049
671.000000 1486.800049
671.579956 1486.700073
674.669983 1486.700073
685.579956 1486.599976
692.440002 1486.500000
693.299988 1486.599976
697.729980 1486.400024
704.469971 1486.400024
709.219971 1486.200073
716.190002 1486.200073
716.589966 1486.099976
717.079956 1486.099976
723.549988 1486.000000
727.619995 1486.000000
746.320007 1485.900024
748.329956 1485.900024
761.639954 1485.800049
764.619995 1485.800049
769.419983 1485.800049
811.369995 1485.800049
826.260010 1485.700073
832.029968 1485.599976
836.599976 1485.500000
898.619995 1485.400024
904.679993 1485.400024
911.419983 1485.400024
991.209961 1485.400024
991.679993 1485.300049
993.789978 1485.300049
1001.659973 1485.400024
1088.199951 1485.400024
1094.459961 1485.500000
1095.209961 1485.500000
1097.459961 1485.500000
1117.179932 1485.700073
1126.400024 1485.700073
1151.789917 1485.800049
1181.469971 1485.900024
1194.039917 1486.000000
1195.020020 1486.000000
1196.709961 1486.000000
1224.459961 1486.099976
1233.159912 1486.200073
1239.729980 1486.200073
1265.500000 1486.300049
1278.349976 1486.400024
1279.799927 1486.400024
1359.309937 1486.500000
1366.199951 1486.500000
1366.549927 1486.500000
1367.390015 1486.500000
1369.390015 1486.500000
1376.650024 1486.500000
1407.130005 1486.599976
1418.829956 1486.700073
1427.380005 1486.800049
1441.959961 1486.800049
1456.020020 1487.000000
1462.839966 1487.000000
1468.770020 1487.000000
1479.199951 1487.000000
1480.260010 1487.000000
1481.140015 1487.000000
1503.390015 1487.200073
1515.449951 1487.200073
1533.119995 1487.400024
1545.669922 1487.400024
1559.559937 1487.500000
1577.829956 1487.599976
1599.979980 1487.700073
1610.119995 1487.800049
1616.459961 1487.900024
1632.859985 1488.000000
1643.459961 1488.099976
1651.739990 1488.200073
1660.849976 1488.300049
1663.789917 1488.300049
1672.969971 1488.400024
1691.779907 1488.500000
1698.859985 1488.599976
1727.569946 1488.900024
1757.829956 1489.200073
1767.689941 1489.300049
1781.010010 1489.400024
1834.250000 1489.900024
1836.949951 1489.900024
1845.799927 1490.000000
1856.309937 1490.200073
1891.130005 1490.599976
1904.359985 1490.800049
1948.609985 1491.300049
1960.329956 1491.400024
1984.260010 1491.700073
1989.199951 1491.800049
1995.760010 1491.900024
2003.130005 1492.000000
2048.510010 1492.599976
2055.510010 1492.700073
2064.899902 1492.800049
2096.320068 1493.200073
2134.729980 1493.800049
2153.639893 1494.000000
2164.349854 1494.200073
2614.169922 1500.800049
2624.429932 1501.000000
2631.679932 1501.099976
2636.899902 1501.200073
2642.609863 1501.300049
2650.129883 1501.400024
2682.770020 1501.900024
2703.099854 1502.200073
2743.469971 1502.900024
3704.839844 1518.400024
3725.099854 1518.700073
3731.530029 1518.800049
3762.619873 1519.300049
3799.409912 1520.000000
3828.479980 1520.500000
3889.839844 1521.500000
3951.869873 1522.500000
3957.589844 1522.599976
3980.129883 1523.000000
3999.959961 1523.300049
4019.169922 1523.599976
4043.389893 1524.000000
4049.030029 1524.200073
4068.449951 1524.500000
4104.049805 1525.099976
4118.629883 1525.300049
4268.850098 1527.900024
4279.620117 1528.099976
4295.669922 1528.400024
4301.049805 1528.400024
4306.390137 1528.500000
4311.699707 1528.599976
4319.199707 1528.800049
4324.879883 1528.800049
4330.810059 1529.000000
4335.969727 1529.000000
4341.399902 1529.099976
4344.520020 1529.200073
4365.989746 1529.599976
4397.839844 1530.099976
4418.040039 1530.500000
4601.580078 1533.700073
4664.379883 1534.800049
4668.969727 1534.900024
4678.540039 1535.099976
4710.879883 1535.599976
4719.120117 1535.800049
4730.399902 1536.000000
4735.739746 1536.099976
4749.959961 1536.400024
4770.479980 1536.700073
5516.850098 1550.500000
5521.830078 1550.599976
5549.870117 1551.099976
5578.179688 1551.599976
5603.299805 1552.099976
5621.439941 1552.400024
5626.709961 1552.500000
5639.029785 1552.800049
5656.120117 1553.099976
5668.229980 1553.300049
5799.489746 1555.700073
5819.859863 1556.099976
5840.399902 1556.500000
5845.919922 1556.599976
5866.009766 1557.000000
5880.969727 1557.200073
5894.819824 1557.500000
5936.889648 1558.300049
5951.359863 1558.599976
5966.459961 1558.800049
5968.080078 1558.900024
6000.000000 1558.200073
8500.000000 1602.800049
12000.000000 1669.000000
